398
551
875
835
441
5
598
988
409
752
193
737
588
688
848
812
694
969
8
316
504
982
932
950
354
651
972
981
2
877
926
409
975
772
344
424
122
177
302
457
623
68
308
366
357
667
116
729
430
925
521
632
480
959
265
316
205
942
650
204
697
644
422
592
584
637
648
513
123
315
749
379
436
278
789
819
279
928
236
127
31
927
464
685
451
217
738
643
352
237
218
199
384
665
831
247
216
351
300
19
374
322
780
337
842
1
634
8
508
100
260
97
86
901
562
221
682
553
576
143
563
496
208
482
778
727
826
490
632
88
182